              precision    recall  f1-score   support

           0       0.89      0.89      0.89      2040
           1       0.90      0.91      0.91      1636
           2       0.91      0.93      0.92      1067
           3       0.91      0.89      0.90       416
           4       0.96      0.94      0.95       369
           5       0.83      0.77      0.80       264

    accuracy                           0.90      5792
   macro avg       0.90      0.89      0.89      5792
weighted avg       0.90      0.90      0.90      5792
