              precision    recall  f1-score   support

           0       0.85      0.88      0.87      2040
           1       0.89      0.89      0.89      1636
           2       0.89      0.91      0.90      1067
           3       0.90      0.88      0.89       416
           4       0.97      0.90      0.93       369
           5       0.84      0.67      0.74       264

    accuracy                           0.88      5792
   macro avg       0.89      0.85      0.87      5792
weighted avg       0.88      0.88      0.88      5792
