              precision    recall  f1-score   support

           0       0.88      0.90      0.89      2040
           1       0.90      0.91      0.90      1636
           2       0.90      0.92      0.91      1067
           3       0.93      0.89      0.91       416
           4       0.97      0.93      0.95       369
           5       0.84      0.73      0.78       264

    accuracy                           0.90      5792
   macro avg       0.90      0.88      0.89      5792
weighted avg       0.90      0.90      0.90      5792
